程序:	aa 10.03.2017 22:44:46
板格式:	96 孔

预计算 (Mea1 - Mea2)    滤镜1: 450纳米    滤镜2: 590纳米

	1	2	3	4	5	6	7	8	9	10	11	12
A	0.038	0.039	0.095	0.037	0.065	0.221	0.364	0.742	0.041	0.205	0.040	0.062
B	0.042	0.042	0.113	0.037	0.103	0.204	0.551	0.964	0.091	0.142	0.049	0.055
C	0.047	0.046	0.108	0.039	0.065	0.224	0.475	0.816	0.086	0.057	0.041	0.049
D	0.060	0.063	0.124	0.075	0.046	0.158	0.568	1.202	0.044	0.067	0.090	0.049
E	0.084	0.087	0.112	0.088	0.038	0.169	0.609	0.036	0.115	0.043	0.089	0.049
F	0.157	0.155	0.094	0.087	0.036	0.207	0.667	0.039	0.140	0.054	0.073	0.048
G	0.405	0.411	0.047	0.109	0.208	0.345	0.527	0.164	0.062	0.039	0.077	0.144
H	0.036	0.077	0.040	0.098	0.179	0.322	0.826	0.011	0.117	0.046	0.076	0.184

