程序:	1 12.03.2017 15:15:56
板格式:	96 孔

吸光率     滤镜1: 450纳米

	1	2	3	4	5	6	7	8	9	10	11	12
A	0.048	0.053	0.059	0.052	0.052	0.099	0.077	0.053	0.049	0.050	0.050	0.051
B	0.058	0.052	0.063	0.053	0.049	0.098	0.049	0.050	0.050	0.051	0.049	0.050
C	0.067	0.065	0.065	0.055	0.049	0.078	0.053	0.048	0.050	0.049	0.052	0.050
D	0.100	0.054	0.061	0.054	0.050	0.081	0.048	0.049	0.050	0.049	0.050	0.050
E	0.213	0.075	0.060	0.054	0.051	0.064	0.048	0.049	0.051	0.050	0.052	0.051
F	0.744	0.058	0.062	0.051	0.051	0.063	0.050	0.050	0.052	0.048	0.053	0.052
G	0.055	0.057	0.062	0.055	0.051	0.071	0.050	0.054	0.054	0.051	0.052	0.053
H	0.052	0.055	0.056	0.053	0.054	0.081	0.057	0.055	0.050	0.053	0.051	0.051

