程序:	1 30.04.2017 15:06:52
板格式:	96 孔

吸光率     滤镜1: 450纳米

	1	2	3	4	5	6	7	8	9	10	11	12
A	-0.000	-0.000	-0.000	-0.000	-0.000	0.000	0.052	0.125	0.360	0.056	0.052	3.701
B	-0.000	-0.000	-0.000	-0.000	-0.000	-0.000	0.049	0.093	0.254	0.060	0.050	2.593
C	-0.000	-0.000	-0.000	-0.000	-0.000	-0.000	0.058	0.079	0.105	0.051	0.054	0.163
D	-0.000	-0.000	-0.000	-0.000	-0.000	-0.000	0.065	0.060	0.093	0.051	0.051	0.875
E	-0.000	-0.000	-0.000	-0.000	-0.000	-0.000	0.104	0.057	0.088	0.052	0.124	2.174
F	-0.000	-0.000	-0.000	-0.000	-0.000	-0.000	0.221	0.057	0.067	0.063	0.115	0.505
G	-0.000	-0.000	-0.000	-0.000	-0.000	-0.000	0.747	0.097	0.099	0.062	0.105	0.410
H	-0.000	-0.000	-0.000	-0.000	-0.000	-0.000	0.077	0.432	0.069	0.054	3.114	3.355

