程序:	aa 02.05.2017 20:10:48
板格式:	96 孔

预计算 (Mea1 - Mea2)    滤镜1: 450纳米    滤镜2: 590纳米

	1	2	3	4	5	6	7	8	9	10	11	12
A	0.035	0.059	0.090	0.864	0.091	0.047	0.067	0.209	0.076	0.009	0.008	0.008
B	0.038	0.041	0.107	1.121	0.052	0.138	0.057	0.108	0.107	0.009	0.006	0.008
C	0.044	0.039	0.291	0.674	0.052	0.102	0.095	0.133	0.007	0.008	0.007	0.007
D	0.056	0.075	0.803	0.660	0.052	0.108	0.114	0.088	0.008	0.008	0.007	0.008
E	0.080	0.079	0.697	0.539	0.055	0.081	0.124	0.289	0.007	0.008	0.008	0.008
F	0.184	0.086	1.502	0.256	0.181	0.127	0.108	0.100	0.007	0.008	0.008	0.007
G	0.459	0.054	1.376	0.185	0.058	0.103	0.081	0.045	0.008	0.008	0.008	0.007
H	0.139	0.612	0.923	0.091	0.057	0.097	1.409	0.075	0.008	0.007	0.008	0.009

