程序:	aa 11.01.2017 23:20:46
板格式:	96 孔

预计算 (Mea1 - Mea2)    滤镜1: 450纳米    滤镜2: 590纳米

	1	2	3	4	5	6	7	8	9	10	11	12
A	0.029	0.029	0.025	0.327	0.062	0.029	0.038	0.698	0.124	0.030	0.032	0.031
B	0.033	0.034	0.076	0.253	0.041	0.032	0.112	0.711	0.070	0.029	0.030	0.028
C	0.038	0.048	0.182	0.582	0.051	0.029	0.157	0.721	0.058	0.027	0.027	0.027
D	0.055	0.057	0.243	0.551	0.039	0.033	0.277	0.502	0.043	0.028	0.026	0.027
E	0.056	0.054	0.311	0.440	0.030	0.029	0.298	0.319	0.034	0.035	0.027	0.168
F	0.078	0.078	0.325	0.195	0.030	0.031	0.387	0.181	0.032	0.027	0.027	0.278
G	0.185	0.192	0.384	0.143	0.033	0.031	0.516	0.154	0.032	0.027	0.027	0.382
H	0.536	0.509	0.331	0.080	0.031	0.032	0.730	0.132	0.031	0.029	0.029	0.241

