程序:	1 13.01.2017 23:33:32
板格式:	96 孔

吸光率     滤镜1: 450纳米

	1	2	3	4	5	6	7	8	9	10	11	12
A	0.052	0.055	0.080	0.061	0.063	0.055	0.062	0.067	0.061	0.060	0.059	0.074
B	0.067	0.092	0.055	0.063	0.054	0.071	0.054	0.069	0.058	0.057	0.056	0.075
C	0.067	0.068	0.061	0.062	0.065	0.055	0.059	0.066	0.055	0.054	0.061	0.073
D	0.104	0.107	0.054	0.066	0.058	0.064	0.052	0.067	0.052	0.054	0.059	0.065
E	0.191	0.206	0.061	0.059	0.058	0.056	0.052	0.060	0.055	0.059	0.063	0.063
F	0.693	0.691	0.055	0.061	0.057	0.089	0.057	0.063	0.053	0.056	0.067	0.110
G	0.067	0.081	0.066	0.057	0.057	0.066	0.066	0.057	0.053	0.058	0.070	0.101
H	0.068	0.069	0.060	0.054	0.052	0.067	0.057	0.061	0.055	0.057	0.079	0.116

